110011101111
101010111001
110011100110
110010000101
100000111010
101010000110
110000000100
101110111101
100000100111
111011010111
111001101101
110110000011
111111100010
110010101011
110011010010
100001111010
110001000111
110110000001
101011010110
101001011010
100101000110
101010110001
111000110110
111000001111
110101111110
110000100101
111011100101
111110101001
100111000100
111111110111
101101001111
101100000000
100100010010
111010011011
101010001010
110111111100
100010001100
101101101001
101101010101
110100101000
101000000101
100000111111
110100101011
100110001101
111001110011
110011101011
100001100110
110000110110
111100010010
110000111000
110000001100
101110111011
110010111001
100001010110
101110110010
101110111111
111101111011
111011101011
101001000001
100010100101
100110100010
101001111011
100101001111
100100110101
111100001000
100011011011
101101010111
100100100011
110000100011
101011011101
101001111000
111011000011
110111100101
100101011110
101001111100
101101101010
100011100111
111010101101
110001101100
100101011010
110001100000
110111111001
100110110000
100001001101
101111101101
101010001110
101000110100
101000011110
110111011001
111011000000
101000101111
101000011010
110100001000
100110001010
101100111111
111100000001
101011001000
110101001011
101110011001
100010101100
110000011111
100111010111
111001000100
111010000100
101001010110
110000000010
111001100001
101010001011
110110110011
100011011010
101001110011
111011111111
101101101111
100110011001
111011000100
101101111010
100010100011
110001101011
101111110010
100010000110
100110010001
100011101000
100110101101
110111001110
110101001100
101101011110
100100111101
101000100101
101110111000
110000010110
101110000110
110100000011
101011010011
111010101001
110000001000
101101111100
110100011110
110111010110
110001000101
111100010001
111100100110
101101111011
100100000010
101110001010
110011010101
100101010100
101001101000
110001110111
101110010100
101011111001
101101100010
100010110000
111110000011
100000001101
111001010001
101010101101
111110001110
101001001111
101101000000
111000101101
111011100001
110010000100
100011100100
110011001111
100001111110
100000011110
101000000100
110010100101
101010000100
111110101101
100000110010
100110110001
110111011111
101111011000
111010110001
101111100111
110100111100
110000000001
110000010101
100111100010
111010011000
101111100001
101110101100
101010010110
101100001001
110111101101
100101001100
111111010010
111100010111
100100101100
100111011100
100000000010
110110001100
101110011110
101001110000
110111111110
110101100010
111110110010
100001110111
101011110101
110101111010
101010010011
110111010111
100100101101
110011010011
101010111101
110111000101
111000010111
101100000110
100001100011
110010000010
100011101111
101111100110
111110000101
101111000010
101011100101
111100011011
111000011011
101000111010
101111110011
100111111010
111000110001
101110001000
100011110110
111000000001
111001101010
101001011000
111111000010
101001001011
101000111001
111010110100
110100100100
100100001110
110101010000
100010010010
111011011101
111111101100
100111011011
111011000110
111000011100
111100110000
111100101011
100110001111
101011100111
110010010100
110010110000
110110100010
101110010011
100110000100
101110100011
111111100011
101011101001
110100111011
110110011001
101111110110
101100111011
110010111011
110010110001
111011110101
110011110010
110111111101
101000111101
110000010100
110101101111
111000110011
111101010110
111000001000
111011001001
101111010011
101111010101
100100101110
111011011111
110010101110
110001101110
100010010001
101011110100
111001101000
101011000101
110000000111
101111001100
111010111001
101001001100
101010011100
111100001110
101010111100
101111001110
111011110001
101100110011
101111101010
100101101011
110011011010
101011010001
101100110010
101011100011
100010010110
111001110101
100011111011
101011010100
111100110001
101111000111
110001111010
100001100111
110110101110
110100010000
110101010110
101101000100
110100100000
101111001000
100001110110
111110100011
110011111010
101100011100
101101101100
111100110011
101001011101
110111000111
111101000010
100101110000
101100111101
100110001000
101110100010
101001010111
111100111101
101110100101
110110110110
100000011100
111111011101
111000100110
100100010111
111101100100
101001001101
111100100010
110100101111
101011000011
100100110010
101011010111
101011000110
110100010010
101101001000
101010000101
101101100101
111100100111
111111001000
100010100001
111000111000
111100001010
100100011111
110010100100
101010001001
110011100111
110101000101
100111011111
110011011011
101000010110
110010111111
111000001011
111001000111
111101101111
110000100100
100110000010
110110111101
100000010110
110010101010
110001000110
100010011001
111111101010
101111010110
111000010010
111011010110
110101101001
110010101000
111111000101
101000010111
111101010011
101110101010
111100111111
110011000001
111000000011
111110011110
110000001101
100000011000
100100011000
110011001011
111111011010
101111010100
110101010101
111100101101
101010101010
101101101110
110001000000
101101111001
100011101110
100111101010
110010100010
110010110100
110010111000
111010001001
110101010100
110010001001
110101011000
110111000001
110010010110
100011001001
111000111011
100100000001
100000000101
111001110010
111000011101
111101110010
110110010011
111010011100
111011001010
101011001011
110000000011
101000010010
110100110011
100101010111
101101110100
111001001011
110100010111
111000011010
101000011011
100110111000
111101111110
111100001100
101101110000
111001010101
110101101010
101101011100
100000111100
100111100000
111001111000
110101001110
110001000011
110111100001
110101011010
101001111110
110000101001
100010101110
100010010100
111100000010
100101111111
101111110100
111101010100
111011001100
110011000100
100111111111
100010001000
111101010001
111101001011
101100000010
101101001101
100011110100
111101111111
100000011001
101011011010
111100100000
100000000001
101010011000
111101101000
101011001101
100010110011
100101101100
100011000011
111111010001
111100101000
100100010011
101000001000
110010000110
110010010101
101100010111
100010011100
101001101010
100100000110
100101111101
111101001100
101100001100
100101110001
111111110001
101001010100
101010110101
100010110101
111110010001
110010100001
