110011101111
110011100110
110010000101
110000000100
111011010111
111001101101
110110000011
111111100010
110010101011
110011010010
110001000111
110110000001
111000110110
111000001111
110101111110
110000100101
111011100101
111110101001
111111110111
111010011011
110111111100
110100101000
110100101011
111001110011
110011101011
110000110110
111100010010
110000111000
110000001100
110010111001
111101111011
111011101011
111100001000
110000100011
111011000011
110111100101
111010101101
110001101100
110001100000
110111111001
110111011001
111011000000
110100001000
111100000001
110101001011
110000011111
111001000100
111010000100
110000000010
111001100001
110110110011
111011111111
111011000100
110001101011
110111001110
110101001100
110000010110
110100000011
111010101001
110000001000
110100011110
110111010110
110001000101
111100010001
111100100110
110011010101
110001110111
111110000011
111001010001
111110001110
111000101101
111011100001
110010000100
110011001111
110010100101
111110101101
110111011111
111010110001
110100111100
110000000001
110000010101
111010011000
110111101101
111111010010
111100010111
110110001100
110111111110
110101100010
111110110010
110101111010
110111010111
110011010011
110111000101
111000010111
110010000010
111110000101
111100011011
111000011011
111000110001
111000000001
111001101010
111111000010
111010110100
110100100100
110101010000
111011011101
111111101100
111011000110
111000011100
111100110000
111100101011
110010010100
110010110000
110110100010
111111100011
110100111011
110110011001
110010111011
110010110001
111011110101
110011110010
110111111101
110000010100
110101101111
111000110011
111101010110
111000001000
111011001001
111011011111
110010101110
110001101110
111001101000
110000000111
111010111001
111100001110
111011110001
110011011010
111001110101
111100110001
110001111010
110110101110
110100010000
110101010110
110100100000
111110100011
110011111010
111100110011
110111000111
111101000010
111100111101
110110110110
111111011101
111000100110
111101100100
111100100010
110100101111
110100010010
111100100111
111111001000
111000111000
111100001010
110010100100
110011100111
110101000101
110011011011
110010111111
111000001011
111001000111
111101101111
110000100100
110110111101
110010101010
110001000110
111111101010
111000010010
111011010110
110101101001
110010101000
111111000101
111101010011
111100111111
110011000001
111000000011
111110011110
110000001101
110011001011
111111011010
110101010101
111100101101
110001000000
110010100010
110010110100
110010111000
111010001001
110101010100
110010001001
110101011000
110111000001
110010010110
111000111011
111001110010
111000011101
111101110010
110110010011
111010011100
111011001010
110000000011
110100110011
111001001011
110100010111
111000011010
111101111110
111100001100
111001010101
110101101010
111001111000
110101001110
110001000011
110111100001
110101011010
110000101001
111100000010
111101010100
111011001100
110011000100
111101010001
111101001011
111101111111
111100100000
111101101000
111111010001
111100101000
110010000110
110010010101
111101001100
111111110001
111110010001
110010100001
