111011010111
111001101101
111111100010
111000110110
111000001111
111011100101
111110101001
111111110111
111010011011
111001110011
111100010010
111101111011
111011101011
111100001000
111011000011
111010101101
111011000000
111100000001
111001000100
111010000100
111001100001
111011111111
111011000100
111010101001
111100010001
111100100110
111110000011
111001010001
111110001110
111000101101
111011100001
111110101101
111010110001
111010011000
111111010010
111100010111
111110110010
111000010111
111110000101
111100011011
111000011011
111000110001
111000000001
111001101010
111111000010
111010110100
111011011101
111111101100
111011000110
111000011100
111100110000
111100101011
111111100011
111011110101
111000110011
111101010110
111000001000
111011001001
111011011111
111001101000
111010111001
111100001110
111011110001
111001110101
111100110001
111110100011
111100110011
111101000010
111100111101
111111011101
111000100110
111101100100
111100100010
111100100111
111111001000
111000111000
111100001010
111000001011
111001000111
111101101111
111111101010
111000010010
111011010110
111111000101
111101010011
111100111111
111000000011
111110011110
111111011010
111100101101
111010001001
111000111011
111001110010
111000011101
111101110010
111010011100
111011001010
111001001011
111000011010
111101111110
111100001100
111001010101
111001111000
111100000010
111101010100
111011001100
111101010001
111101001011
111101111111
111100100000
111101101000
111111010001
111100101000
111101001100
111111110001
111110010001
