111011010111
111001101101
111000110110
111000001111
111011100101
111010011011
111001110011
111011101011
111011000011
111010101101
111011000000
111001000100
111010000100
111001100001
111011111111
111011000100
111010101001
111001010001
111000101101
111011100001
111010110001
111010011000
111000010111
111000011011
111000110001
111000000001
111001101010
111010110100
111011011101
111011000110
111000011100
111011110101
111000110011
111000001000
111011001001
111011011111
111001101000
111010111001
111011110001
111001110101
111000100110
111000111000
111000001011
111001000111
111000010010
111011010110
111000000011
111010001001
111000111011
111001110010
111000011101
111010011100
111011001010
111001001011
111000011010
111001010101
111001111000
111011001100
