011010110011
011011101110
011001100110
011000100010
011011101000
011010101110
011011100110
011011000100
011000100101
011010100010
011011111100
011000110110
011001000000
011001100101
011001110010
011001111100
011010011101
011001010100
011011111011
011011110100
011000010111
011001000110
011000110010
011000010101
011001000111
011010000000
011001101110
011010110001
011001100001
011000110011
011010110000
011001010110
011000010011
011011011000
011000111110
011011010000
011011100000
011010001011
011001110000
011000100001
011000010110
011010000100
011011110111
011011100010
011001110101
011011100101
011000000110
011000011010
011000101000
011000100000
011010111101
011001100010
011011011010
011011100011
011001100100
011010010000
011010001000
011011110000
011000111001
011011001101
011000111111
011010111010
011000011100
011011010110
011001011110
011010010001
011000000111
011010111001
011001001101
011001000001
