011110010111
011101110101
011101000000
011100001101
011010110011
011100010011
011110101101
011011101110
011001100110
011000100010
011011101000
011110110100
011111110110
011101001101
011100001001
011110101111
011010101110
011110101000
011011100110
011101111010
011011000100
011000100101
011010100010
011011111100
011000110110
011110100111
011100000110
011110010011
011110110101
011100101110
011001000000
011001100101
011001110010
011111111111
011001111100
011010011101
011001010100
011110011001
011101100100
011110011010
011111100100
011011111011
011100110011
011101011010
011100001010
011011110100
011110110010
011000010111
011001000110
011000110010
011000010101
011001000111
011100100100
011100101000
011010000000
011001101110
011010110001
011111001010
011001100001
011000110011
011101001110
011010110000
011001010110
011000010011
011011011000
011000111110
011011010000
011011100000
011010001011
011100111100
011001110000
011100101011
011110111100
011000100001
011000010110
011111011000
011111110000
011010000100
011011110111
011011100010
011001110101
011100011001
011011100101
011000000110
011000011010
011100010010
011110001000
011111101111
011000101000
011000100000
011111111101
011010111101
011101100001
011100110101
011001100010
011011011010
011101100110
011101010100
011011100011
011101010101
011100001100
011001100100
011010010000
011111101000
011111011101
011010001000
011011110000
011111000001
011100000101
011000111001
011101000001
011011001101
011000111111
011100010100
011111011100
011110011011
011010111010
011000011100
011101100111
011111000101
011011010110
011001011110
011100011010
011010010001
011000000111
011111001110
011111010001
011100011101
011010111001
011110010001
011100101100
011111000111
011101010001
011001001101
011110001111
011001000001
011101110010
