011110010111
010010101110
010010001111
010101100001
010011100100
010111101111
011101110101
011101000000
011100001101
010010010100
011010110011
011100010011
010001100101
010111000001
010110111010
010000000011
011110101101
011011101110
010011110110
011001100110
011000100010
010011110010
010011010010
011011101000
011110110100
011111110110
011101001101
011100001001
011110101111
010000101011
010110001111
010001000100
011010101110
010000110001
011110101000
011011100110
010111101001
010001110011
010100010011
011101111010
010110011111
011011000100
010010010101
011000100101
011010100010
010110010001
010011101100
010001001110
010010011100
011011111100
011000110110
011110100111
011100000110
010101100011
010100111111
010001010011
010001010100
010000100001
010100000110
011110010011
011110110101
011100101110
011001000000
010000111011
010001111111
011001100101
010010000000
011001110010
011111111111
010100001010
010010101001
011001111100
011010011101
010011110011
011001010100
011110011001
011101100100
010111000100
011110011010
010101100111
011111100100
010111110010
011011111011
011100110011
010101000101
010110111111
010110111001
011101011010
010101101110
010101010000
011100001010
011011110100
011110110010
011000010111
010111110111
010110011000
010001101011
010100101111
010010011101
010010111000
010101111000
010101001000
010011011101
011001000110
010101110111
010010100010
011000110010
011000010101
011001000111
010010100001
011100100100
011100101000
010110101011
011010000000
011001101110
011010110001
011111001010
011001100001
011000110011
010011100000
011101001110
011010110000
010100101001
011001010110
011000010011
010100010000
010110110010
011011011000
011000111110
010010010001
011011010000
011011100000
010110010011
010010111010
010000011111
010100000100
011010001011
011100111100
010101011111
011001110000
010011111000
011100101011
010000111101
011110111100
011000100001
011000010110
011111011000
010111100101
011111110000
011010000100
010110000011
011011110111
010001100100
011011100010
010100011011
010011101001
011001110101
011100011001
010110111110
010110011010
011011100101
011000000110
011000011010
011100010010
011110001000
010000000100
010001011010
010000001111
011111101111
011000101000
010000001001
011000100000
011111111101
010011101010
011010111101
011101100001
010111010010
010001110100
011100110101
011001100010
010100001100
011011011010
011101100110
010010111111
011101010100
011011100011
011101010101
011100001100
011001100100
010100100011
011010010000
010111001101
010000110010
011111101000
010011101110
010100011100
010111010000
011111011101
010111010111
011010001000
010010010111
010111011011
011011110000
010000100010
010010001011
011111000001
010010110000
010001111000
011100000101
011000111001
011101000001
011011001101
011000111111
010100001110
011100010100
011111011100
011110011011
010001010000
010101101001
010101011110
011010111010
010100111000
010011000110
011000011100
010111011100
011101100111
011111000101
010010011110
010011101000
010001000001
011011010110
010001011111
010011011011
010101011100
011001011110
010011011000
010110100101
011100011010
010110100000
011010010001
010101000010
011000000111
011111001110
011111010001
011100011101
010111000011
010011010100
011010111001
011110010001
011100101100
010000011011
011111000111
010011100001
010101001111
011101010001
010101100100
010101010011
011001001101
011110001111
011001000001
011101110010
010000010101
010101000000
